0.00172171042816141
-0.00174054863247004
-0.00510720038211186
-0.00804380174078687
-0.0102507769460182
-0.011493604915636
-0.011627309585555
-0.0106127371375078
-0.00852284846224238
-0.00553818755540075
-0.00193172055381444
0.00195572206260609
0.00574722620823904
0.00906587211081576
0.0115716980704635
0.0129959721799341
0.0131693698386132
0.0120411636419278
0.00968733259174484
0.00630651920368967
0.00220391282755933
-0.00223569219434729
-0.00658333598548665
-0.0104066209035045
-0.0133119230659946
-0.0149840384005055
-0.0152193519525949
-0.013949136137169
-0.011250439687891
-0.00734315113933166
-0.00257310859331939
0.00261753709365322
0.00773024149007859
0.0122567466296104
0.0157282484814826
0.0177624112495555
0.0181036505602897
0.0166526058272901
0.0134816207886079
0.00883427682625953
0.0031084701037011
-0.0031759386635934
-0.00942238515589644
-0.0150119588321227
-0.0193620611642418
-0.0219840041464016
-0.0225341037454528
-0.0208532395687262
-0.0169907453832513
-0.0112097960815294
-0.00397305692193813
0.00409087807262474
0.0122379663421067
0.0196722145292268
0.0256169904330616
0.0293880763093313
0.0304620432400957
0.0285337453060786
0.02355751174925
0.0157678985051473
0.00567754408539147
-0.00594838273742824
-0.0181396223706141
-0.0297866844255055
-0.0397199794192473
-0.0467958088142515
-0.0499820739825986
-0.048436451619093
-0.0415703044683999
-0.0290927173162021
-0.011030680476411
0.0122765489075353
0.0402086644513405
0.0719186376041654
0.106405641438253
0.142600380408069
0.179455475780695
0.216033024756669
0.251581603076983
0.285595812263907
0.317852919809889
0.348423084871812
0.377651939456224
0.406116710578227
0.434559412934556
0.463802708625435
0.494655636759102
0.527817416077685
0.563787824191829
0.602792223869608
0.64472816995627
0.689138781274548
0.735215845637227
0.781833129961539
0.827607804144757
0.870985476873225
0.910342292106341
0.944096024825402
0.970817276364118
0.989331778510843
0.998805482784654
0.998805482784654
0.989331778510842
0.970817276364118
0.944096024825402
0.910342292106341
0.870985476873225
0.827607804144757
0.781833129961539
0.735215845637227
0.689138781274549
0.64472816995627
0.602792223869607
0.563787824191829
0.527817416077685
0.494655636759103
0.463802708625436
0.434559412934556
0.406116710578227
0.377651939456224
0.348423084871813
0.317852919809889
0.285595812263907
0.251581603076983
0.216033024756669
0.179455475780696
0.142600380408069
0.106405641438253
0.0719186376041654
0.0402086644513407
0.0122765489075355
-0.011030680476411
-0.0290927173162021
-0.0415703044683999
-0.048436451619093
-0.0499820739825986
-0.0467958088142515
-0.0397199794192473
-0.0297866844255055
-0.0181396223706142
-0.00594838273742832
0.00567754408539147
0.0157678985051473
0.02355751174925
0.0285337453060786
0.0304620432400957
0.0293880763093313
0.0256169904330616
0.0196722145292268
0.0122379663421067
0.00409087807262491
-0.00397305692193813
-0.0112097960815294
-0.0169907453832513
-0.0208532395687262
-0.0225341037454528
-0.0219840041464016
-0.0193620611642418
-0.0150119588321228
-0.00942238515589652
-0.00317593866359334
0.0031084701037011
0.00883427682625945
0.0134816207886079
0.0166526058272901
0.0181036505602897
0.0177624112495555
0.0157282484814826
0.0122567466296104
0.00773024149007857
0.00261753709365331
-0.00257310859331939
-0.00734315113933156
-0.011250439687891
-0.0139491361371691
-0.0152193519525949
-0.0149840384005055
-0.0133119230659947
-0.0104066209035045
-0.00658333598548656
-0.00223569219434734
0.00220391282755933
0.00630651920368958
0.00968733259174484
0.0120411636419278
0.0131693698386132
0.0129959721799341
0.0115716980704635
0.00906587211081576
0.00574722620823904
0.00195572206260617
-0.00193172055381444
-0.00553818755540082
-0.00852284846224238
-0.0106127371375078
-0.011627309585555
-0.011493604915636
-0.010250776946018
-0.00804380174078686
-0.00510720038211186
-0.00174054863247004
0.00172171042816141
