0.00495469022509233
-0.00500448610675152
-0.014671031908692
-0.0230850337476182
-0.0293902782697839
-0.0329205197151723
-0.0332688850031635
-0.0303332818506326
-0.0243328734096515
-0.0157934059344938
-0.00550216980797547
0.00556364656560643
0.0163287756271883
0.0257233233187745
0.0327879983009728
0.0367708728982334
0.0372060311573841
0.0339660102159778
0.0272823126108214
0.01773124715345
0.00618566916300348
-0.00626347632228648
-0.0184088744331997
-0.0290424618115196
-0.0370740111507731
-0.0416411871893901
-0.0422001292993148
-0.0385872360957027
-0.031045390212314
-0.0202111418602263
-0.00706306904428058
0.00716469593700396
0.0210963013577544
0.0333450487465595
0.0426490504215661
0.0479986203480756
0.048742785004635
0.0446639661895141
0.0360126526462842
0.0234975063903444
0.00823051847308729
-0.00836884651465186
-0.0247025067180542
-0.0391441876590045
-0.0501975549209583
-0.0566470204107919
-0.0576864152807147
-0.0530123710847504
-0.0428722055312908
-0.0280601289904113
-0.00986032411132252
0.0100595225782178
0.0297958070722922
0.0473850692714267
0.0609927280222396
0.0690969150065704
0.0706496546696394
0.0651991230582562
0.0529597833033592
0.0348216058555705
0.0122949720400441
-0.0126062371549818
-0.0375349777404201
-0.0600210877438072
-0.0777030644666888
-0.088560834726731
-0.0911278154434479
-0.0846615478517655
-0.0692551012428543
-0.0458760839049579
-0.0163261104138291
0.016879537885484
0.0507051453686376
0.0818469378324643
0.107024975586194
0.123290573835253
0.128322842155059
0.120687738426985
0.100035146239678
0.0672137973491244
0.024290066713258
-0.0255357111600908
-0.078113332054388
-0.128616616593872
-0.171888597153584
-0.202832879535416
-0.216821353986135
-0.210086063187714
-0.180063263231421
-0.125660577652711
-0.0474234635830273
0.052415407118081
0.170011369765433
0.300105438719035
0.436332592774483
0.571619933236173
0.698646585066435
0.810331958009756
0.900316316157106
0.963397762004116
0.995892735243561
0.995892735243561
0.963397762004116
0.900316316157106
0.810331958009756
0.698646585066435
0.571619933236173
0.436332592774483
0.300105438719035
0.170011369765433
0.052415407118083
-0.0474234635830273
-0.125660577652711
-0.180063263231421
-0.210086063187714
-0.216821353986135
-0.202832879535416
-0.171888597153584
-0.128616616593872
-0.078113332054388
-0.0255357111600918
0.024290066713258
0.0672137973491244
0.100035146239678
0.120687738426985
0.128322842155059
0.123290573835253
0.107024975586194
0.0818469378324643
0.0507051453686378
0.0168795378854844
-0.0163261104138291
-0.0458760839049579
-0.0692551012428543
-0.0846615478517654
-0.0911278154434479
-0.088560834726731
-0.0777030644666888
-0.0600210877438072
-0.0375349777404202
-0.012606237154982
0.0122949720400441
0.0348216058555705
0.0529597833033592
0.0651991230582561
0.0706496546696394
0.0690969150065704
0.0609927280222396
0.0473850692714267
0.0297958070722923
0.010059522578218
-0.00986032411132252
-0.0280601289904113
-0.0428722055312908
-0.0530123710847503
-0.0576864152807147
-0.0566470204107919
-0.0501975549209583
-0.0391441876590047
-0.0247025067180544
-0.00836884651465186
0.00823051847308729
0.0234975063903441
0.0360126526462842
0.0446639661895142
0.0487427850046349
0.0479986203480756
0.0426490504215662
0.0333450487465595
0.0210963013577542
0.00716469593700412
-0.00706306904428058
-0.020211141860226
-0.031045390212314
-0.0385872360957027
-0.0422001292993148
-0.0416411871893901
-0.0370740111507733
-0.0290424618115196
-0.0184088744331995
-0.00626347632228662
0.00618566916300348
0.0177312471534498
0.0272823126108214
0.0339660102159778
0.0372060311573841
0.0367708728982334
0.0327879983009729
0.0257233233187745
0.0163287756271883
0.00556364656560656
-0.00550216980797547
-0.0157934059344939
-0.0243328734096515
-0.0303332818506326
-0.0332688850031635
-0.0329205197151723
-0.0293902782697838
-0.0230850337476182
-0.014671031908692
-0.00500448610675163
0.00495469022509233
