-0.00561452741052233
0.00568606597134048
0.0167150136048547
0.0263760600539408
0.0336789018967279
0.037838953598434
0.0383596216601244
0.0350886515851921
0.0282424092981747
0.0183949026207801
0.00643167204050971
-0.00652792623923225
-0.0192333813856208
-0.0304213887061837
-0.0389389048268718
-0.0438591395836643
-0.0445790798278109
-0.0408885928034786
-0.0330035986036692
-0.0215590259005462
-0.00756098707182342
0.00769851154920939
0.0227573340664701
0.036119346866458
0.0463985601312832
0.0524577722436763
0.0535283008924744
0.0492987404136687
0.0399632139476257
0.0262230879640482
0.00924028693764868
-0.00945518101784324
-0.0280965067431311
-0.0448393296251888
-0.0579351320634257
-0.065903153789206
-0.0676847741949826
-0.062765337419103
-0.0512508218356458
-0.0338904012907243
-0.0120405137012728
0.0124288429743922
0.0372796705341985
0.0600926419548935
0.0784801217925522
0.0903079397612193
0.0939069529632402
0.0882556828585145
0.0731171978136841
0.0491168019928939
0.0177517228199607
-0.0186705147513055
-0.0571624371473773
-0.0942472979577532
-0.126196473662005
-0.14929581267243
-0.160120432180279
-0.155796390545178
-0.134228378028558
-0.0942750228132672
-0.0358574099260702
0.0400083686890632
0.131257807051254
0.234900602572802
0.347210130263251
0.463965307753132
0.58072628218547
0.693122803560279
0.797133328340862
0.889333881051075
0.967098394361772
1.02873640799562
1.07355926769762
1.10187186998335
1.11489303785144
1.11461327247149
1.10360343041701
1.08479143014525
1.06122611441361
1.03584774442616
1.01128328300677
0.989681790927246
0.97260119676296
0.960952794410932
0.955004529584685
0.954438938896149
0.958456966162307
0.965915204076416
0.975481703351031
0.985794541362187
0.995607895957998
1.00391233506229
1.01001918703979
1.01360287137918
1.01469953998943
1.01366486604464
1.01109788532792
1.00774105660435
1.00436885788014
1.00167808087525
1.00019246180344
1.00019246180344
1.00167808087525
1.00436885788014
1.00774105660435
1.01109788532792
1.01366486604464
1.01469953998943
1.01360287137918
1.01001918703979
1.00391233506229
0.995607895957998
0.985794541362187
0.975481703351031
0.965915204076415
0.958456966162307
0.954438938896149
0.955004529584685
0.960952794410932
0.97260119676296
0.989681790927246
1.01128328300677
1.03584774442616
1.06122611441361
1.08479143014525
1.10360343041701
1.11461327247149
1.11489303785144
1.10187186998335
1.07355926769762
1.02873640799562
0.967098394361772
0.889333881051075
0.797133328340862
0.693122803560281
0.580726282185471
0.463965307753132
0.347210130263251
0.234900602572802
0.131257807051255
0.0400083686890638
-0.0358574099260702
-0.0942750228132672
-0.134228378028558
-0.155796390545178
-0.160120432180279
-0.14929581267243
-0.126196473662005
-0.0942472979577532
-0.0571624371473777
-0.0186705147513058
0.0177517228199607
0.0491168019928939
0.0731171978136841
0.0882556828585143
0.0939069529632403
0.0903079397612193
0.0784801217925522
0.0600926419548936
0.0372796705341988
0.0124288429743926
-0.0120405137012728
-0.0338904012907239
-0.0512508218356458
-0.0627653374191031
-0.0676847741949826
-0.065903153789206
-0.0579351320634259
-0.0448393296251888
-0.0280965067431309
-0.00945518101784349
0.00924028693764868
0.0262230879640479
0.0399632139476257
0.0492987404136688
0.0535283008924744
0.0524577722436763
0.0463985601312834
0.036119346866458
0.02275733406647
0.00769851154920978
-0.00756098707182342
-0.0215590259005459
-0.0330035986036692
-0.0408885928034786
-0.0445790798278108
-0.0438591395836643
-0.0389389048268719
-0.0304213887061837
-0.0192333813856208
-0.00652792623923239
0.00643167204050971
0.0183949026207802
0.0282424092981747
0.0350886515851921
0.0383596216601244
0.037838953598434
0.033678901896728
0.0263760600539408
0.0167150136048547
0.00568606597134071
-0.00561452741052233
